1.24 1.97
1.17 1.31
0.53 1.57
1.47 3.57
0.33 -1.53
-0.87 -1.40
1.01 1.46
-0.42 2.95
0.32 3.03
-1.81 -0.93
0.10 -3.81
1.15 -0.03
1.51 3.71
1.11 0.43
1.27 2.69
-0.27 1.65
0.74 2.68
-0.19 4.29
-0.56 0.47
1.52 1.00
-0.86 -3.72
-0.90 0.58
-0.26 -1.98
-1.64 -2.81
1.87 7.05
0.06 -1.12
0.89 0.36
0.12 0.58
0.50 -1.24
0.46 0.66
-0.12 -0.29
-0.07 -0.26
-1.08 -0.39
0.61 -1.06
1.23 1.30
0.20 0.61
-0.84 -1.62
0.53 -0.72
0.83 0.67
0.05 -0.65
0.67 2.65
0.08 -1.25
0.76 0.26
-2.23 -1.68
0.73 0.31
0.56 1.96
-0.07 -0.76
-1.68 -1.65
0.19 0.26
-0.33 1.17
-0.35 2.57
1.52 7.06
0.13 0.25
-0.21 -0.74
0.71 0.71
0.72 0.25
-0.76 -1.11
-0.10 0.30
-2.21 -2.16
-0.86 -1.98
-0.20 0.89
-2.93 -2.22
2.26 0.94
1.60 0.66
-0.05 1.30
0.22 -0.48
1.51 -0.41
0.76 -0.59
1.38 -0.08
0.66 2.13
0.82 -0.81
0.67 -0.26
0.14 0.16
0.03 1.95
0.31 0.30
-2.43 -3.54
0.70 -1.39
0.94 0.02
0.20 -0.93
0.34 -1.45
-0.35 -0.83
0.28 0.29
-1.36 -3.97
1.03 0.27
-1.34 -1.13
-0.50 0.77
-0.24 1.36
0.23 -8.62
1.24 -1.44
0.80 3.39
1.78 2.18
1.18 3.79
1.61 1.06
1.36 1.65
0.93 -4.19
-0.46 -0.86
0.23 0.83
1.21 -0.16
0.50 -0.30
-1.29 -0.71
0.68 -3.73
0.52 2.70
1.00 0.68
-1.51 -0.83
1.00 0.25
-0.14 -1.17
1.08 1.30
0.04 0.17
0.15 0.30
0.95 -0.88
0.73 0.59
0.28 1.82
1.02 1.67
-0.38 -0.98
0.26 -0.06
0.33 -0.72
0.07 -0.85
0.85 0.11
0.42 0.46
0.14 0.30
-3.14 -2.60
1.03 -0.15
1.00 0.37
1.09 2.59
0.90 0.46
0.43 -0.66
0.35 0.27
0.00 -0.51
1.08 0.28
0.47 -1.24
-0.38 -2.64
-0.06 -0.16
1.48 1.18
0.96 -1.88
0.54 3.15
0.01 -0.93
0.21 1.12
-1.11 -1.18
-1.06 2.40
1.68 1.64
0.85 1.90
-0.37 2.18
-1.50 -2.37
-0.93 -5.30
-1.91 -2.37
-1.07 -0.97
-1.32 -1.84
4.74 2.90
2.57 1.61
0.97 0.25
0.71 -0.33
0.19 -0.03
1.28 1.44
-0.04 0.24
-0.02 0.93
0.44 4.12
-0.07 -0.69
1.00 -0.44
-0.01 1.32
-0.68 1.15
-0.59 -0.75
-0.91 0.61
-2.04 -3.47
0.22 0.76
1.86 1.86
0.77 4.04
-3.76 -2.73
1.60 0.76
1.07 0.20
2.19 4.56
-1.08 -1.19
-0.95 0.13
0.12 0.57
0.95 0.00
0.51 -0.42
-0.95 -2.03
-0.67 -1.34
-0.13 -0.39
-1.27 -2.15
-1.11 -2.25
1.28 3.63
-0.05 -0.94
0.53 1.22
-1.79 -1.93
-1.54 -2.73
1.27 0.16
2.33 1.74
-1.04 -1.29
1.20 0.94
-1.54 -1.45
0.31 -0.42
0.92 0.93
0.37 0.12
-0.26 -1.16
-3.53 -3.58
1.36 1.08
0.53 0.65
0.25 -0.63
-1.77 -1.57
-0.44 -0.03
0.77 0.28
-0.45 -0.11
1.00 1.76
1.16 2.62
1.44 0.43
0.20 1.34
-1.77 -1.46
0.02 -1.78
-0.94 -2.17
0.84 0.18
0.73 0.57
0.67 0.04
0.80 -0.29
-0.61 0.36
-1.04 -1.03
-0.13 1.26
1.67 1.19
1.24 1.41
-0.52 0.46
-0.83 -0.58
1.81 0.86
0.15 -0.84
0.07 -1.13
0.61 0.35
0.24 0.31
0.64 6.01
0.95 3.13
-0.05 0.40
0.01 1.49
0.73 0.38
-0.13 -0.87
0.52 1.68
-0.07 -0.57
-0.67 -1.79
0.65 0.37
0.39 1.38
0.08 1.43
0.36 0.23
-0.64 -1.71
-0.48 0.18
-0.05 0.45
0.40 0.52
0.17 -0.51
-0.54 -0.92
0.66 -2.35
0.44 -2.28
-0.29 -0.88
-0.42 0.09
-0.17 1.09